いあきゃらテキスト 6版 v2.0.1
【基本情報】
名前: 界外椿（Kaige tsubaki） ()
タグ: 傘持NPC
職業: 私立探偵
年齢: 20代 / 性別: 女／男 / 身長: 
体重:  / 出身: 日本
髪の色: 黒 / 瞳の色: 苔色 / 肌の色: 白め


【アイコン】


【能力値】
        現在値  能力値  増加分  一時的
STR         22      18       4       0
CON         20      18       2       0
POW         50      18      32       0
DEX         20      18       2       0
APP         12      12       0       0
SIZ         18      18       0       0
INT         30      18      12       0
EDU         16      16       0       0
HP          19      19       0       0
MP          50      50       0       0
SAN        250     250       0       0
IDE        150     150       0       0
幸運       250     250       0       0
知識        80      80       0       0

現在SAN値 0 / 99
DB +1D6


【技能値】

職業ポイント:      320 /   320
興味ポイント:      300 /   300

『戦闘技能』
技能名                  合計  初期値   職業P   興味P  成長分  その他
回避                      40      40       0       0       0       0
キック                    25      25       0       0       0       0
組み付き                  50      25       0      25       0       0
こぶし（パンチ）          80      50       0      30       0       0
頭突き                    10      10       0       0       0       0
投擲                      99      25       0       0       0      74
マーシャルアーツ          99       1       0       0       0      98
拳銃                      99      20       0       0       0      79
サブマシンガン            99      15       0       0       0      84
ショットガン              99      30       0       0       0      69
マシンガン                99      15       0       0       0      84
ライフル                  99      25       0       0       0      74

　　　　　　　
『探索技能』
技能名                  合計  初期値   職業P   興味P  成長分  その他
応急手当                  80      30       0      50       0       0
鍵開け                    40       1      39       0       0       0
隠す                      65      15       0      50       0       0
隠れる                    70      10       0      50       0      10
聞き耳                    75      25       0      50       0       0
忍び歩き                  10      10       0       0       0       0
写真術                    50      10      40       0       0       0
精神分析                   1       1       0       0       0       0
追跡                      50      10      40       0       0       0
登攀                      40      40       0       0       0       0
図書館                    50      25      25       0       0       0
目星                      66      25      41       0       0       0


『行動技能』
技能名                  合計  初期値   職業P   興味P  成長分  その他
運転                      20      20       0       0       0       0
機械修理                  20      20       0       0       0       0
重機械操作                 1       1       0       0       0       0
乗馬                       5       5       0       0       0       0
水泳                      25      25       0       0       0       0
製作                       5       5       0       0       0       0
操縦                       1       1       0       0       0       0
跳躍                      25      25       0       0       0       0
電気修理                  10      10       0       0       0       0
ナビゲート                10      10       0       0       0       0
変装                       1       1       0       0       0       0


『交渉技能』
技能名                  合計  初期値   職業P   興味P  成長分  その他
言いくるめ                50       5      45       0       0       0
信用                      15      15       0       0       0       0
説得                      15      15       0       0       0       0
値切り                     5       5       0       0       0       0
母国語                    80      80       0       0       0       0


『知識技能』
技能名                  合計  初期値   職業P   興味P  成長分  その他
医学                       5       5       0       0       0       0
オカルト                   5       5       0       0       0       0
化学                       1       1       0       0       0       0
クトゥルフ神話             0       0       0       0       0       0
芸術                       5       5       0       0       0       0
経理                      10      10       0       0       0       0
考古学                     1       1       0       0       0       0
コンピューター             1       1       0       0       0       0
心理学                    50       5      45       0       0       0
人類学                     1       1       0       0       0       0
生物学                     1       1       0       0       0       0
地質学                     1       1       0       0       0       0
電子工学                   1       1       0       0       0       0
天文学                     1       1       0       0       0       0
博物学                    55      10       0      45       0       0
物理学                     1       1       0       0       0       0
法律                      50       5      45       0       0       0
薬学                       1       1       0       0       0       0
歴史                      20      20       0       0       0       0



【戦闘・武器・防具】
名前                        成功率      ダメージ          射程      攻撃回数        装弾数        耐久力          故障その他        
                                 0             0             0             0             0             0               

【所持品】
名称                          単価          個数          価格 効果、備考など
                                 0             0             0 

現在の所持金: 0
借金: 0

【新たに得た知識・経験】
〈魔導書、呪文、アーティファクト〉


〈遭遇した超自然の存在〉


〈通過したシナリオ名〉



【メモ】
「界外探偵事務所」を営む人物。
誰にでも平等に紳士的／淑女的に接し、困り人には手を差し伸べようと努める。
人探しに長けているが、何よりも得意なのは人を選ぶことと助言をすること、そして戦うこと。

▼RPメモ…一人称：私／二人称：あなた



