いあきゃらテキスト 6版 v2.0.1
【基本情報】
名前: Theodore Stuart（1890） ()
タグ: 傘持秘匿
職業: 
年齢: 28 / 性別: 男 / 身長: 
体重:  / 出身: イギリス
髪の色:  / 瞳の色:  / 肌の色: 


【アイコン】


【能力値】
        現在値  能力値  増加分  一時的
STR         11      11       0       0
CON         11      11       0       0
POW         11      11       0       0
DEX         15      15       0       0
APP         13      13       0       0
SIZ         14      14       0       0
INT         10      10       0       0
EDU         15      15       0       0
HP          13      13       0       0
MP          11      11       0       0
SAN         55      55       0       0
IDE         50      50       0       0
幸運        55      55       0       0
知識        75      75       0       0

現在SAN値 58 / 96
DB +1D4


【技能値】

職業ポイント:      300 /   300
興味ポイント:      100 /   100

『戦闘技能』
技能名                  合計  初期値   職業P   興味P  成長分  その他
回避                      50      30       0      20       0       0
キック                    25      25       0       0       0       0
組み付き                  25      25       0       0       0       0
こぶし（パンチ）          50      50       0       0       0       0
頭突き                    10      10       0       0       0       0
投擲                      25      25       0       0       0       0
マーシャルアーツ           1       1       0       0       0       0
拳銃                      50      20      30       0       0       0
サブマシンガン            15      15       0       0       0       0
ショットガン              30      30       0       0       0       0
マシンガン                15      15       0       0       0       0
ライフル                  25      25       0       0       0       0

　　　　　　　
『探索技能』
技能名                  合計  初期値   職業P   興味P  成長分  その他
応急手当                  50      30      20       0       0       0
鍵開け                     1       1       0       0       0       0
隠す                      15      15       0       0       0       0
隠れる                    10      10       0       0       0       0
聞き耳                    50      25      25       0       0       0
忍び歩き                  10      10       0       0       0       0
写真術                    10      10       0       0       0       0
精神分析                  74       1      59       0      14       0
追跡                      10      10       0       0       0       0
登攀                      40      40       0       0       0       0
図書館                    60      25       0      35       0       0
目星                      50      25      25       0       0       0


『行動技能』
技能名                  合計  初期値   職業P   興味P  成長分  その他
運転(馬車)                61      20      40       0       1       0
機械修理                  20      20       0       0       0       0
重機械操作                 1       1       0       0       0       0
乗馬                       5       5       0       0       0       0
水泳                      25      25       0       0       0       0
製作                       5       5       0       0       0       0
操縦                       1       1       0       0       0       0
跳躍                      25      25       0       0       0       0
電気修理                  10      10       0       0       0       0
ナビゲート                10      10       0       0       0       0
変装                       1       1       0       0       0       0


『交渉技能』
技能名                  合計  初期値   職業P   興味P  成長分  その他
言いくるめ                 5       5       0       0       0       0
信用                      15      15       0       0       0       0
説得                      60      15      45       0       0       0
値切り                     5       5       0       0       0       0
母国語                    75      75       0       0       0       0


『知識技能』
技能名                  合計  初期値   職業P   興味P  成長分  その他
医学                      70       5      56       0       9       0
オカルト                   5       5       0       0       0       0
化学                       1       1       0       0       0       0
クトゥルフ神話             3       0       0       0       3       0
芸術                       5       5       0       0       0       0
経理                      10      10       0       0       0       0
考古学                     1       1       0       0       0       0
コンピューター             1       1       0       0       0       0
心理学                     5       5       0       0       0       0
人類学                     1       1       0       0       0       0
生物学                     7       1       0       6       0       0
地質学                     1       1       0       0       0       0
電子工学                   1       1       0       0       0       0
天文学                     1       1       0       0       0       0
博物学                    10      10       0       0       0       0
物理学                     1       1       0       0       0       0
法律                       5       5       0       0       0       0
薬学                      40       1       0      39       0       0
歴史                      20      20       0       0       0       0



【戦闘・武器・防具】
名前                        成功率      ダメージ          射程      攻撃回数        装弾数        耐久力          故障その他        
                                 0             0             0             0             0             0               

【所持品】
名称                          単価          個数          価格 効果、備考など
                                 0             0             0 

現在の所持金: 0
借金: 0

【新たに得た知識・経験】
〈魔導書、呪文、アーティファクト〉


〈遭遇した超自然の存在〉


〈通過したシナリオ名〉



【メモ】
ディラン・O・エヴァンズの助手。エヴァンズの補佐をすすんで務めている。
可もなく不可もない柔軟な性格。言葉遣いに気を使っている。
エヴァンズと妹を大事に思っているが、誰にでも親切ということはなく、それなりに打算的。

▼RPメモ…一人称／二人称…俺／君、あなた

▼以下、経過シナリオ
・X2U 探偵×助手 助手…ディラン・O・エヴァンズ



