いあきゃらテキスト 6版 v2.0.1
【基本情報】
名前: 傘持屋台 ()
タグ: 傘持屋台
職業: 傘持屋台
年齢: 稼働後3年 / 性別: そんなものはない / 身長: 
体重:  / 出身: 
髪の色:  / 瞳の色:  / 肌の色: 


【アイコン】
:https://image.iaproject.app/166626848164539537.png

【能力値】
        現在値  能力値  増加分  一時的
STR          8       8       0       0
CON          7       7       0       0
POW          9       9       0       0
DEX         14      14       0       0
APP          8       8       0       0
SIZ         10      10       0       0
INT         11      11       0       0
EDU         12      12       0       0
HP           9       9       0       0
MP           9       9       0       0
SAN         45      45       0       0
IDE         55      55       0       0
幸運        45      45       0       0
知識        60      60       0       0

現在SAN値 34 / 99
DB +0


【技能値】

職業ポイント:      240 /   240
興味ポイント:      110 /   110

『戦闘技能』
技能名                  合計  初期値   職業P   興味P  成長分  その他
回避                      50      28       0      22       0       0
キック                    25      25       0       0       0       0
組み付き                  25      25       0       0       0       0
こぶし（パンチ）          50      50       0       0       0       0
頭突き                    10      10       0       0       0       0
投擲                      25      25       0       0       0       0
マーシャルアーツ           1       1       0       0       0       0
拳銃                      20      20       0       0       0       0
サブマシンガン            15      15       0       0       0       0
ショットガン              30      30       0       0       0       0
マシンガン                15      15       0       0       0       0
ライフル                  25      25       0       0       0       0

　　　　　　　
『探索技能』
技能名                  合計  初期値   職業P   興味P  成長分  その他
応急手当                  40      30       0      10       0       0
鍵開け                     1       1       0       0       0       0
隠す                      15      15       0       0       0       0
隠れる                    10      10       0       0       0       0
聞き耳                    56      25      21      10       0       0
忍び歩き                  20      10      10       0       0       0
写真術                    20      10       0      10       0       0
精神分析                   1       1       0       0       0       0
追跡                      10      10       0       0       0       0
登攀                      40      40       0       0       0       0
図書館                    70      25      45       0       0       0
目星                      70      25      35      10       0       0


『行動技能』
技能名                  合計  初期値   職業P   興味P  成長分  その他
運転                      20      20       0       0       0       0
機械修理                  30      20       0      10       0       0
重機械操作                 1       1       0       0       0       0
乗馬                       5       5       0       0       0       0
水泳                      25      25       0       0       0       0
製作(晴れ)                80       5      75       0       0       0
操縦                       1       1       0       0       0       0
跳躍                      25      25       0       0       0       0
電気修理                  10      10       0       0       0       0
ナビゲート                10      10       0       0       0       0
変装                       1       1       0       0       0       0
制作：料理                10       5       0       5       0       0

『交渉技能』
技能名                  合計  初期値   職業P   興味P  成長分  その他
言いくるめ                10       5       5       0       0       0
信用                      15      15       0       0       0       0
説得                      15      15       0       0       0       0
値切り                    15       5      10       0       0       0
母国語                    60      60       0       0       0       0


『知識技能』
技能名                  合計  初期値   職業P   興味P  成長分  その他
医学                       5       5       0       0       0       0
オカルト                  10       5       0       5       0       0
化学                       1       1       0       0       0       0
クトゥルフ神話             0       0       0       0       0       0
芸術                       5       5       0       0       0       0
経理                      10      10       0       0       0       0
考古学                     1       1       0       0       0       0
コンピューター            50       1      39      10       0       0
心理学                     5       5       0       0       0       0
人類学                     1       1       0       0       0       0
生物学                     1       1       0       0       0       0
地質学                     5       1       0       4       0       0
電子工学                   1       1       0       0       0       0
天文学                     5       1       0       4       0       0
博物学                    20      10       0      10       0       0
物理学                     1       1       0       0       0       0
法律                       5       5       0       0       0       0
薬学                       1       1       0       0       0       0
歴史                      20      20       0       0       0       0



【戦闘・武器・防具】
名前                        成功率      ダメージ          射程      攻撃回数        装弾数        耐久力          故障その他        
                                 0             0             0             0             0             0               

【所持品】
名称                          単価          個数          価格 効果、備考など
                                 0             0             0 

現在の所持金: 0
借金: 0

【新たに得た知識・経験】
〈魔導書、呪文、アーティファクト〉


〈遭遇した超自然の存在〉


〈通過したシナリオ名〉



【メモ】
▼芸術家、コンピューター技術者、放浪者ベース…目星、図書館、聞き耳、忍び歩き、言いくるめ、値切り、コンピューター、製作（晴れ）
▼不定の狂気：不眠症／6か月（20221021～）

▼間取参考URL
└https://suumo.jp/chintai/jnc_000068598066/?bc=100300138466
▼家具配置図
└https://poipiku.com/944956/7681503.html


【経過シナリオ】
・のっく、のっく、ちゃいむ…むしはら、モツ、茶糖



