いあきゃらテキスト 6版 v2.0.1
【基本情報】
名前: 綴カノン（tsuduri kanon） ()
タグ: 傘持NPC
職業: 
年齢:  / 性別: 男 / 身長: 
体重:  / 出身: 
髪の色:  / 瞳の色:  / 肌の色: 


【アイコン】


【能力値】
        現在値  能力値  増加分  一時的
STR          8       8       0       0
CON         10      10       0       0
POW         30      18      12       0
DEX         14      14       0       0
APP         15      15       0       0
SIZ          9       9       0       0
INT         12      12       0       0
EDU         18      18       0       0
HP          10      10       0       0
MP          30      30       0       0
SAN        150     150       0       0
IDE         60      60       0       0
幸運       150     150       0       0
知識        90      90       0       0

現在SAN値 0 / 99
DB +0


【技能値】

職業ポイント:        0 /   360
興味ポイント:        0 /   120

『戦闘技能』
技能名                  合計  初期値   職業P   興味P  成長分  その他
回避                      28      28       0       0       0       0
キック                    25      25       0       0       0       0
組み付き                  25      25       0       0       0       0
こぶし（パンチ）          50      50       0       0       0       0
頭突き                    10      10       0       0       0       0
投擲                      25      25       0       0       0       0
マーシャルアーツ           1       1       0       0       0       0
拳銃                      20      20       0       0       0       0
サブマシンガン            15      15       0       0       0       0
ショットガン              30      30       0       0       0       0
マシンガン                15      15       0       0       0       0
ライフル                  25      25       0       0       0       0

　　　　　　　
『探索技能』
技能名                  合計  初期値   職業P   興味P  成長分  その他
応急手当                  30      30       0       0       0       0
鍵開け                     1       1       0       0       0       0
隠す                      15      15       0       0       0       0
隠れる                    10      10       0       0       0       0
聞き耳                    25      25       0       0       0       0
忍び歩き                  10      10       0       0       0       0
写真術                    10      10       0       0       0       0
精神分析                   1       1       0       0       0       0
追跡                      10      10       0       0       0       0
登攀                      40      40       0       0       0       0
図書館                    25      25       0       0       0       0
目星                      25      25       0       0       0       0


『行動技能』
技能名                  合計  初期値   職業P   興味P  成長分  その他
運転                      20      20       0       0       0       0
機械修理                  20      20       0       0       0       0
重機械操作                 1       1       0       0       0       0
乗馬                       5       5       0       0       0       0
水泳                      25      25       0       0       0       0
製作                       5       5       0       0       0       0
操縦                       1       1       0       0       0       0
跳躍                      25      25       0       0       0       0
電気修理                  10      10       0       0       0       0
ナビゲート                10      10       0       0       0       0
変装                       1       1       0       0       0       0


『交渉技能』
技能名                  合計  初期値   職業P   興味P  成長分  その他
言いくるめ                 5       5       0       0       0       0
信用                      15      15       0       0       0       0
説得                      15      15       0       0       0       0
値切り                     5       5       0       0       0       0
母国語                    90      90       0       0       0       0


『知識技能』
技能名                  合計  初期値   職業P   興味P  成長分  その他
医学                       5       5       0       0       0       0
オカルト                   5       5       0       0       0       0
化学                       1       1       0       0       0       0
クトゥルフ神話             0       0       0       0       0       0
芸術                       5       5       0       0       0       0
経理                      10      10       0       0       0       0
考古学                     1       1       0       0       0       0
コンピューター             1       1       0       0       0       0
心理学                     5       5       0       0       0       0
人類学                     1       1       0       0       0       0
生物学                     1       1       0       0       0       0
地質学                     1       1       0       0       0       0
電子工学                   1       1       0       0       0       0
天文学                     1       1       0       0       0       0
博物学                    10      10       0       0       0       0
物理学                     1       1       0       0       0       0
法律                       5       5       0       0       0       0
薬学                       1       1       0       0       0       0
歴史                      20      20       0       0       0       0



【戦闘・武器・防具】
名前                        成功率      ダメージ          射程      攻撃回数        装弾数        耐久力          故障その他        
                                 0             0             0             0             0             0               

【所持品】
名称                          単価          個数          価格 効果、備考など
                                 0             0             0 

現在の所持金: 0
借金: 0

【新たに得た知識・経験】
〈魔導書、呪文、アーティファクト〉


〈遭遇した超自然の存在〉


〈通過したシナリオ名〉



【メモ】
▼カノン…カノ。七五三実紀の七五三より意図を引いて参照。七、五、三の数を一桁になるまで足したものが六。カノとは、六のルーン文字、そのゲルマン読みである。英字ではK。意味は火、知恵。暗闇を照らす松明の火、情熱の火、ひらめき。マイナスの意味では腫物。加えて六はタロットでは恋人を指す。正位置の共感、選択、絆、逆位置の無干渉を拾っている。ほか、六は聖書において不完全な数字とされる。
▼綴…七五三実紀の実紀より意図を引いて参照。『実紀』が記録や調書を意味する言葉とも連なるところから、ともに綴る、綴れる人物であるように。

図書館:50　目星:50　聞き耳:50　心理学:75

ナーク=ティトの障壁の創造(基本P.274):消費MP1につき、1D6の耐久/STRをもった障壁を作成できる。この障壁は精神的な攻撃・肉体的な攻撃にも有効である。呪文を知っているものであれば誰でも一緒にMPを捧げることができる



